{
  "precision": 0.7551789077212806,
  "recall": 0.4545841008927306,
  "fbeta": 0.5675364882795223
}