{
  "precision": 1.0,
  "recall": 0.9998582967266544,
  "fbeta": 0.9999291433430171
}